################################################################## 
# Generated by FullSWOF_2D version 1.07.01, 2017-05-09
################################################################## 
# time	Vol_of_tot	Vol_inf_tot	Vol_rain_tot	Vol_bound_tot
0.02	3.69444e-05	        0	3.69444e-05	        0
0.04	7.38887e-05	        0	7.38887e-05	        0
0.06	0.000110833	        0	0.000110833	        0
0.08	0.000147777	        0	0.000147777	        0
0.1	0.000184721	        0	0.000184722	        0
0.12	0.000221665	        0	0.000221666	        0
0.14	0.000258608	        0	0.000258611	        0
0.16	0.000295552	        0	0.000295555	        0
0.18	0.000332495	        0	0.000332499	        0
0.2	0.000369438	        0	0.000369444	        0
0.22	0.00040638	        0	0.000406388	        0
0.24	0.000443323	        0	0.000443332	        0
0.26	0.000480265	        0	0.000480277	        0
0.28	0.000517207	        0	0.000517221	        0
0.3	0.000554148	        0	0.000554165	        0
0.32	0.000591089	        0	0.00059111	        0
0.34	0.00062803	        0	0.000628054	        0
0.36	0.000664971	        0	0.000664998	        0
0.38	0.000701911	        0	0.000701943	        0
0.4	0.000738851	        0	0.000738887	        0
0.42	0.000775791	        0	0.000775832	        0
0.44	0.00081273	        0	0.000812776	        0
0.46	0.000849669	        0	0.00084972	        0
0.48	0.000886607	        0	0.000886665	        0
0.5	0.000923545	        0	0.000923609	        0
0.52	0.000960483	        0	0.000960553	        0
0.54	0.00099742	        0	0.000997498	        0
0.56	0.00103436	        0	0.00103444	        0
0.58	0.00107129	        0	0.00107139	        0
0.6	0.00110823	        0	0.00110833	        0
0.62	0.00114516	        0	0.00114528	        0
0.64	0.0011821	        0	0.00118222	        0
0.66	0.00121903	        0	0.00121916	        0
0.68	0.00125597	        0	0.00125611	        0
0.7	0.0012929	        0	0.00129305	        0
0.72	0.00132983	        0	  0.00133	        0
0.74	0.00136677	        0	0.00136694	        0
0.76	0.0014037	        0	0.00140389	        0
0.78	0.00144063	        0	0.00144083	        0
0.8	0.00147756	        0	0.00147777	        0
0.82	0.00151449	        0	0.00151472	        0
0.84	0.00155142	        0	0.00155166	        0
0.86	0.00158835	        0	0.00158861	        0
0.88	0.00162528	        0	0.00162555	        0
0.9	0.00166221	        0	0.0016625	        0
0.92	0.00169914	        0	0.00169944	        0
0.94	0.00173607	        0	0.00173638	        0
0.96	0.00177299	        0	0.00177333	        0
0.98	0.00180992	        0	0.00181027	        0
1	0.00184684	        0	0.00184722	        0
1.02	0.00188377	        0	0.00188416	1.92597e-08
1.04	0.00192069	        0	0.00192111	1.92597e-08
1.06	0.00195762	        0	0.00195805	1.92597e-08
1.08	0.00199454	        0	 0.001995	1.92597e-08
1.1	0.00203146	        0	0.00203194	1.92597e-08
1.12	0.00206839	        0	0.00206888	1.92597e-08
1.14	0.00210531	        0	0.00210583	1.92597e-08
1.16	0.00214223	        0	0.00214277	1.92597e-08
1.18	0.00217915	        0	0.00217972	1.92597e-08
1.2	0.00221607	        0	0.00221666	1.92597e-08
1.22	0.00225299	        0	0.00225361	1.92597e-08
1.24	0.00228991	        0	0.00229055	1.92597e-08
1.26	0.00232682	        0	0.00232749	1.92597e-08
1.28	0.00236374	        0	0.00236444	1.92597e-08
1.3	0.00240066	        0	0.00240138	1.92597e-08
1.32	0.00243757	        0	0.00243833	1.92597e-08
1.34	0.00247449	        0	0.00247527	1.92597e-08
1.36	0.0025114	        0	0.00251222	1.92597e-08
1.38	0.00254831	        0	0.00254916	1.92597e-08
1.4	0.00258523	        0	0.00258611	1.92597e-08
1.42	0.00262214	        0	0.00262305	1.92597e-08
1.44	0.00265905	        0	0.00265999	1.92597e-08
1.46	0.00269596	        0	0.00269694	1.92597e-08
1.48	0.00273287	        0	0.00273388	1.92597e-08
1.5	0.00276978	        0	0.00277083	1.92597e-08
1.52	0.00280669	        0	0.00280777	1.92597e-08
1.54	0.0028436	        0	0.00284472	1.92597e-08
1.56	0.00288051	        0	0.00288166	1.92597e-08
1.58	0.00291741	        0	0.0029186	1.92597e-08
1.6	0.00295432	        0	0.00295555	1.92597e-08
1.62	0.00299122	        0	0.00299249	1.92597e-08
1.64	0.00302813	        0	0.00302944	1.92597e-08
1.66	0.00306503	        0	0.00306638	1.92597e-08
1.68	0.00310193	        0	0.00310333	1.92597e-08
1.7	0.00313884	        0	0.00314027	1.92597e-08
1.72	0.00317574	        0	0.00317721	1.92597e-08
1.74	0.00321264	        0	0.00321416	1.92597e-08
1.76	0.00324954	        0	0.0032511	1.92597e-08
1.78	0.00328644	        0	0.00328805	1.92597e-08
1.8	0.00332333	        0	0.00332499	1.92597e-08
1.82	0.00336023	        0	0.00336194	1.92597e-08
1.84	0.00339713	        0	0.00339888	1.92597e-08
1.86	0.00343402	        0	0.00343583	1.92597e-08
1.88	0.00347092	        0	0.00347277	1.92597e-08
1.9	0.00350781	        0	0.00350971	1.92597e-08
1.92	0.00354471	        0	0.00354666	1.92597e-08
1.94	0.0035816	        0	0.0035836	1.92597e-08
1.96	0.00361849	        0	0.00362055	1.92597e-08
1.98	0.00365538	        0	0.00365749	1.92597e-08
2	0.00369227	        0	0.00369444	1.92597e-08
2.02	0.00372916	        0	0.00373138	7.45875e-08
2.04	0.00376605	        0	0.00376832	7.45875e-08
2.06	0.00380293	        0	0.00380527	7.45875e-08
2.08	0.00383982	        0	0.00384221	7.45875e-08
2.1	0.00387671	        0	0.00387916	7.45875e-08
2.12	0.00391359	        0	0.0039161	7.45875e-08
2.14	0.00395048	        0	0.00395305	7.45875e-08
2.16	0.00398736	        0	0.00398999	7.45875e-08
2.18	0.00402424	        0	0.00402694	7.45875e-08
2.2	0.00406112	        0	0.00406388	7.45875e-08
2.22	 0.004098	        0	0.00410082	7.45875e-08
2.24	0.00413488	        0	0.00413777	7.45875e-08
2.26	0.00417176	        0	0.00417471	7.45875e-08
2.28	0.00420864	        0	0.00421166	7.45875e-08
2.3	0.00424551	        0	0.0042486	7.45875e-08
2.32	0.00428239	        0	0.00428555	7.45875e-08
2.34	0.00431926	        0	0.00432249	7.45875e-08
2.36	0.00435614	        0	0.00435943	7.45875e-08
2.38	0.00439301	        0	0.00439638	7.45875e-08
2.4	0.00442988	        0	0.00443332	7.45875e-08
2.42	0.00446676	        0	0.00447027	7.45875e-08
2.44	0.00450363	        0	0.00450721	7.45875e-08
2.46	0.00454049	        0	0.00454416	7.45875e-08
2.48	0.00457736	        0	0.0045811	7.45875e-08
2.5	0.00461423	        0	0.00461804	7.45875e-08
2.52	0.0046511	        0	0.00465499	7.45875e-08
2.54	0.00468796	        0	0.00469193	7.45875e-08
2.56	0.00472483	        0	0.00472888	7.45875e-08
2.58	0.00476169	        0	0.00476582	7.45875e-08
2.6	0.00479855	        0	0.00480277	7.45875e-08
2.62	0.00483541	        0	0.00483971	7.45875e-08
2.64	0.00487227	        0	0.00487666	7.45875e-08
2.66	0.00490913	        0	0.0049136	7.45875e-08
2.68	0.00494599	        0	0.00495054	7.45875e-08
2.7	0.00498285	        0	0.00498749	7.45875e-08
2.72	0.00501971	        0	0.00502443	7.45875e-08
2.74	0.00505656	        0	0.00506138	7.45875e-08
2.76	0.00509342	        0	0.00509832	7.45875e-08
2.78	0.00513027	        0	0.00513527	7.45875e-08
2.8	0.00516712	        0	0.00517221	7.45875e-08
2.82	0.00520398	        0	0.00520915	7.45875e-08
2.84	0.00524083	        0	0.0052461	7.45875e-08
2.86	0.00527767	        0	0.00528304	7.45875e-08
2.88	0.00531452	        0	0.00531999	7.45875e-08
2.9	0.00535137	        0	0.00535693	7.45875e-08
2.92	0.00538822	        0	0.00539388	7.45875e-08
2.94	0.00542506	        0	0.00543082	7.45875e-08
2.96	0.00546191	        0	0.00546777	7.45875e-08
2.98	0.00549875	        0	0.00550471	7.45875e-08
3	0.00553559	        0	0.00554165	7.45875e-08
3.02	0.00557243	        0	0.0055786	1.77908e-07
3.04	0.00560927	        0	0.00561554	1.77908e-07
3.06	0.00564611	        0	0.00565249	1.77908e-07
3.08	0.00568295	        0	0.00568943	1.77908e-07
3.1	0.00571979	        0	0.00572638	1.77908e-07
3.12	0.00575662	        0	0.00576332	1.77908e-07
3.14	0.00579346	        0	0.00580026	1.77908e-07
3.16	0.00583029	        0	0.00583721	1.77908e-07
3.18	0.00586712	        0	0.00587415	1.77908e-07
3.2	0.00590395	        0	0.0059111	1.77908e-07
3.22	0.00594078	        0	0.00594804	1.77908e-07
3.24	0.00597761	        0	0.00598499	1.77908e-07
3.26	0.00601444	        0	0.00602193	1.77908e-07
3.28	0.00605127	        0	0.00605888	1.77908e-07
3.3	0.00608809	        0	0.00609582	1.77908e-07
3.32	0.00612492	        0	0.00613276	1.77908e-07
3.34	0.00616174	        0	0.00616971	1.77908e-07
3.36	0.00619856	        0	0.00620665	1.77908e-07
3.38	0.00623538	        0	0.0062436	1.77908e-07
3.4	0.0062722	        0	0.00628054	1.77908e-07
3.42	0.00630902	        0	0.00631749	1.77908e-07
3.44	0.00634584	        0	0.00635443	1.77908e-07
3.46	0.00638266	        0	0.00639137	1.77908e-07
3.48	0.00641947	        0	0.00642832	1.77908e-07
3.5	0.00645629	        0	0.00646526	1.77908e-07
3.52	0.0064931	        0	0.00650221	1.77908e-07
3.54	0.00652991	        0	0.00653915	1.77908e-07
3.56	0.00656672	        0	0.0065761	1.77908e-07
3.58	0.00660353	        0	0.00661304	1.77908e-07
3.6	0.00664034	        0	0.00664998	1.77908e-07
3.62	0.00667715	        0	0.00668693	1.77908e-07
3.64	0.00671395	        0	0.00672387	1.77908e-07
3.66	0.00675076	        0	0.00676082	1.77908e-07
3.68	0.00678756	        0	0.00679776	1.77908e-07
3.7	0.00682436	        0	0.00683471	1.77908e-07
3.72	0.00686116	        0	0.00687165	1.77908e-07
3.74	0.00689796	        0	0.0069086	1.77908e-07
3.76	0.00693476	        0	0.00694554	1.77908e-07
3.78	0.00697156	        0	0.00698248	1.77908e-07
3.8	0.00700836	        0	0.00701943	1.77908e-07
3.82	0.00704515	        0	0.00705637	1.77908e-07
3.84	0.00708195	        0	0.00709332	1.77908e-07
3.86	0.00711874	        0	0.00713026	1.77908e-07
3.88	0.00715553	        0	0.00716721	1.77908e-07
3.9	0.00719232	        0	0.00720415	1.77908e-07
3.92	0.00722911	        0	0.00724109	1.77908e-07
3.94	0.0072659	        0	0.00727804	1.77908e-07
3.96	0.00730268	        0	0.00731498	1.77908e-07
3.98	0.00733947	        0	0.00735193	1.77908e-07
4	0.00737625	        0	0.00738887	1.77908e-07
4.02	0.00741303	        0	0.00742582	3.39883e-07
4.04	0.00744981	        0	0.00746276	3.39883e-07
4.06	0.00748659	        0	0.00749971	3.39883e-07
4.08	0.00752337	        0	0.00753665	3.39883e-07
4.1	0.00756015	        0	0.00757359	3.39883e-07
4.12	0.00759693	        0	0.00761054	3.39883e-07
4.14	0.0076337	        0	0.00764748	3.39883e-07
4.16	0.00767047	        0	0.00768443	3.39883e-07
4.18	0.00770725	        0	0.00772137	3.39883e-07
4.2	0.00774402	        0	0.00775832	3.39883e-07
4.22	0.00778079	        0	0.00779526	3.39883e-07
4.24	0.00781755	        0	0.0078322	3.39883e-07
4.26	0.00785432	        0	0.00786915	3.39883e-07
4.28	0.00789109	        0	0.00790609	3.39883e-07
4.3	0.00792785	        0	0.00794304	3.39883e-07
4.32	0.00796461	        0	0.00797998	3.39883e-07
4.34	0.00800137	        0	0.00801693	3.39883e-07
4.36	0.00803813	        0	0.00805387	3.39883e-07
4.38	0.00807489	        0	0.00809081	3.39883e-07
4.4	0.00811165	        0	0.00812776	3.39883e-07
4.42	0.00814841	        0	0.0081647	3.39883e-07
4.44	0.00818516	        0	0.00820165	3.39883e-07
4.46	0.00822191	        0	0.00823859	3.39883e-07
4.48	0.00825867	        0	0.00827554	3.39883e-07
4.5	0.00829542	        0	0.00831248	3.39883e-07
4.52	0.00833217	        0	0.00834943	3.39883e-07
4.54	0.00836891	        0	0.00838637	3.39883e-07
4.56	0.00840566	        0	0.00842331	3.39883e-07
4.58	0.0084424	        0	0.00846026	3.39883e-07
4.6	0.00847915	        0	0.0084972	3.39883e-07
4.62	0.00851589	        0	0.00853415	3.39883e-07
4.64	0.00855263	        0	0.00857109	3.39883e-07
4.66	0.00858937	        0	0.00860804	3.39883e-07
4.68	0.00862611	        0	0.00864498	3.39883e-07
4.7	0.00866285	        0	0.00868192	3.39883e-07
4.72	0.00869958	        0	0.00871887	3.39883e-07
4.74	0.00873631	        0	0.00875581	3.39883e-07
4.76	0.00877305	        0	0.00879276	3.39883e-07
4.78	0.00880978	        0	0.0088297	3.39883e-07
4.8	0.00884651	        0	0.00886665	3.39883e-07
4.82	0.00888323	        0	0.00890359	3.39883e-07
4.84	0.00891996	        0	0.00894054	3.39883e-07
4.86	0.00895669	        0	0.00897748	3.39883e-07
4.88	0.00899341	        0	0.00901442	3.39883e-07
4.9	0.00903013	        0	0.00905137	3.39883e-07
4.92	0.00906685	        0	0.00908831	3.39883e-07
4.94	0.00910357	        0	0.00912526	3.39883e-07
4.96	0.00914029	        0	0.0091622	3.39883e-07
4.98	0.00917701	        0	0.00919915	3.39883e-07
5	0.00921372	        0	0.00923609	3.39883e-07
5.02	0.00925043	        0	0.00927303	3.39883e-07
5.04	0.00928715	        0	0.00930998	5.724e-07
5.06	0.00932386	        0	0.00934692	5.724e-07
5.08	0.00936057	        0	0.00938387	5.724e-07
5.1	0.00939727	        0	0.00942081	5.724e-07
5.12	0.00943398	        0	0.00945776	5.724e-07
5.14	0.00947068	        0	0.0094947	5.724e-07
5.16	0.00950739	        0	0.00953164	5.724e-07
5.18	0.00954409	        0	0.00956859	5.724e-07
5.2	0.00958079	        0	0.00960553	5.724e-07
5.22	0.00961749	        0	0.00964248	5.724e-07
5.24	0.00965418	        0	0.00967942	5.724e-07
5.26	0.00969088	        0	0.00971637	5.724e-07
5.28	0.00972757	        0	0.00975331	5.724e-07
5.3	0.00976426	        0	0.00979026	5.724e-07
5.32	0.00980095	        0	0.0098272	5.724e-07
5.34	0.00983764	        0	0.00986414	5.724e-07
5.36	0.00987433	        0	0.00990109	5.724e-07
5.38	0.00991102	        0	0.00993803	5.724e-07
5.4	0.0099477	        0	0.00997498	5.724e-07
5.42	0.00998438	        0	0.0100119	5.724e-07
5.44	0.0100211	        0	0.0100489	5.724e-07
5.46	0.0100577	        0	0.0100858	5.724e-07
5.48	0.0100944	        0	0.0101228	5.724e-07
5.5	0.0101311	        0	0.0101597	5.724e-07
5.52	0.0101678	        0	0.0101966	5.724e-07
5.54	0.0102044	        0	0.0102336	5.724e-07
5.56	0.0102411	        0	0.0102705	5.724e-07
5.58	0.0102778	        0	0.0103075	5.724e-07
5.6	0.0103145	        0	0.0103444	5.724e-07
5.62	0.0103511	        0	0.0103814	5.724e-07
5.64	0.0103878	        0	0.0104183	5.724e-07
5.66	0.0104245	        0	0.0104553	5.724e-07
5.68	0.0104611	        0	0.0104922	5.724e-07
5.7	0.0104978	        0	0.0105291	5.724e-07
5.72	0.0105344	        0	0.0105661	5.724e-07
5.74	0.0105711	        0	 0.010603	5.724e-07
5.76	0.0106077	        0	  0.01064	5.724e-07
5.78	0.0106444	        0	0.0106769	5.724e-07
5.8	0.0106811	        0	0.0107139	5.724e-07
5.82	0.0107177	        0	0.0107508	5.724e-07
5.84	0.0107543	        0	0.0107878	5.724e-07
5.86	 0.010791	        0	0.0108247	5.724e-07
5.88	0.0108276	        0	0.0108616	5.724e-07
5.9	0.0108643	        0	0.0108986	5.724e-07
5.92	0.0109009	        0	0.0109355	5.724e-07
5.94	0.0109376	        0	0.0109725	5.724e-07
5.96	0.0109742	        0	0.0110094	5.724e-07
5.98	0.0110108	        0	0.0110464	5.724e-07
6	0.0110475	        0	0.0110833	5.724e-07
6.02	0.0110841	        0	0.0111203	5.724e-07
6.04	0.0111207	        0	0.0111572	8.84937e-07
6.06	0.0111574	        0	0.0111941	8.84937e-07
6.08	 0.011194	        0	0.0112311	8.84937e-07
6.1	0.0112306	        0	 0.011268	8.84937e-07
6.12	0.0112673	        0	 0.011305	8.84937e-07
6.14	0.0113039	        0	0.0113419	8.84937e-07
6.16	0.0113405	        0	0.0113789	8.84937e-07
6.18	0.0113771	        0	0.0114158	8.84937e-07
6.2	0.0114137	        0	0.0114528	8.84937e-07
6.22	0.0114504	        0	0.0114897	8.84937e-07
6.24	 0.011487	        0	0.0115266	8.84937e-07
6.26	0.0115236	        0	0.0115636	8.84937e-07
6.28	0.0115602	        0	0.0116005	8.84937e-07
6.3	0.0115968	        0	0.0116375	8.84937e-07
6.32	0.0116334	        0	0.0116744	8.84937e-07
6.34	  0.01167	        0	0.0117114	8.84937e-07
6.36	0.0117066	        0	0.0117483	8.84937e-07
6.38	0.0117432	        0	0.0117853	8.84937e-07
6.4	0.0117798	        0	0.0118222	8.84937e-07
6.42	0.0118164	        0	0.0118591	8.84937e-07
6.44	 0.011853	        0	0.0118961	8.84937e-07
6.46	0.0118896	        0	 0.011933	8.84937e-07
6.48	0.0119262	        0	  0.01197	8.84937e-07
6.5	0.0119628	        0	0.0120069	8.84937e-07
6.52	0.0119994	        0	0.0120439	8.84937e-07
6.54	 0.012036	        0	0.0120808	8.84937e-07
6.56	0.0120726	        0	0.0121178	8.84937e-07
6.58	0.0121091	        0	0.0121547	8.84937e-07
6.6	0.0121457	        0	0.0121916	8.84937e-07
6.62	0.0121823	        0	0.0122286	8.84937e-07
6.64	0.0122189	        0	0.0122655	8.84937e-07
6.66	0.0122555	        0	0.0123025	8.84937e-07
6.68	 0.012292	        0	0.0123394	8.84937e-07
6.7	0.0123286	        0	0.0123764	8.84937e-07
6.72	0.0123652	        0	0.0124133	8.84937e-07
6.74	0.0124017	        0	0.0124502	8.84937e-07
6.76	0.0124383	        0	0.0124872	8.84937e-07
6.78	0.0124749	        0	0.0125241	8.84937e-07
6.8	0.0125114	        0	0.0125611	8.84937e-07
6.82	 0.012548	        0	 0.012598	8.84937e-07
6.84	0.0125846	        0	 0.012635	8.84937e-07
6.86	0.0126211	        0	0.0126719	8.84937e-07
6.88	0.0126577	        0	0.0127089	8.84937e-07
6.9	0.0126942	        0	0.0127458	8.84937e-07
6.92	0.0127308	        0	0.0127827	8.84937e-07
6.94	0.0127673	        0	0.0128197	8.84937e-07
6.96	0.0128039	        0	0.0128566	8.84937e-07
6.98	0.0128404	        0	0.0128936	8.84937e-07
7	 0.012877	        0	0.0129305	8.84937e-07
7.02	0.0129135	        0	0.0129675	8.84937e-07
7.04	0.0129501	        0	0.0130044	1.28902e-06
7.06	0.0129866	        0	0.0130414	1.28902e-06
7.08	0.0130231	        0	0.0130783	1.28902e-06
7.1	0.0130597	        0	0.0131152	1.28902e-06
7.12	0.0130962	        0	0.0131522	1.28902e-06
7.14	0.0131327	        0	0.0131891	1.28902e-06
7.16	0.0131693	        0	0.0132261	1.28902e-06
7.18	0.0132058	        0	 0.013263	1.28902e-06
7.2	0.0132423	        0	   0.0133	1.28902e-06
7.22	0.0132788	        0	0.0133369	1.28902e-06
7.24	0.0133153	        0	0.0133739	1.28902e-06
7.26	0.0133519	        0	0.0134108	1.28902e-06
7.28	0.0133884	        0	0.0134477	1.28902e-06
7.3	0.0134249	        0	0.0134847	1.28902e-06
7.32	0.0134614	        0	0.0135216	1.28902e-06
7.34	0.0134979	        0	0.0135586	1.28902e-06
7.36	0.0135344	        0	0.0135955	1.28902e-06
7.38	0.0135709	        0	0.0136325	1.28902e-06
7.4	0.0136074	        0	0.0136694	1.28902e-06
7.42	0.0136439	        0	0.0137064	1.28902e-06
7.44	0.0136804	        0	0.0137433	1.28902e-06
7.46	0.0137169	        0	0.0137802	1.28902e-06
7.48	0.0137534	        0	0.0138172	1.28902e-06
7.5	0.0137899	        0	0.0138541	1.28902e-06
7.52	0.0138264	        0	0.0138911	1.28902e-06
7.54	0.0138629	        0	 0.013928	1.28902e-06
7.56	0.0138994	        0	 0.013965	1.28902e-06
7.58	0.0139359	        0	0.0140019	1.28902e-06
7.6	0.0139724	        0	0.0140389	1.28902e-06
7.62	0.0140088	        0	0.0140758	1.28902e-06
7.64	0.0140453	        0	0.0141127	1.28902e-06
7.66	0.0140818	        0	0.0141497	1.28902e-06
7.68	0.0141183	        0	0.0141866	1.28902e-06
7.7	0.0141548	        0	0.0142236	1.28902e-06
7.72	0.0141912	        0	0.0142605	1.28902e-06
7.74	0.0142277	        0	0.0142975	1.28902e-06
7.76	0.0142642	        0	0.0143344	1.28902e-06
7.78	0.0143006	        0	0.0143714	1.28902e-06
7.8	0.0143371	        0	0.0144083	1.28902e-06
7.82	0.0143735	        0	0.0144452	1.28902e-06
7.84	  0.01441	        0	0.0144822	1.28902e-06
7.86	0.0144465	        0	0.0145191	1.28902e-06
7.88	0.0144829	        0	0.0145561	1.28902e-06
7.9	0.0145194	        0	 0.014593	1.28902e-06
7.92	0.0145558	        0	  0.01463	1.28902e-06
7.94	0.0145923	        0	0.0146669	1.28902e-06
7.96	0.0146287	        0	0.0147039	1.28902e-06
7.98	0.0146652	        0	0.0147408	1.28902e-06
8	0.0147016	        0	0.0147777	1.28902e-06
8.02	 0.014738	        0	0.0148147	1.28902e-06
8.04	0.0147745	        0	0.0148516	1.79708e-06
8.06	0.0148109	        0	0.0148886	1.79708e-06
8.08	0.0148473	        0	0.0149255	1.79708e-06
8.1	0.0148838	        0	0.0149625	1.79708e-06
8.12	0.0149202	        0	0.0149994	1.79708e-06
8.14	0.0149566	        0	0.0150364	1.79708e-06
8.16	 0.014993	        0	0.0150733	1.79708e-06
8.18	0.0150295	        0	0.0151102	1.79708e-06
8.2	0.0150659	        0	0.0151472	1.79708e-06
8.22	0.0151023	        0	0.0151841	1.79708e-06
8.24	0.0151387	        0	0.0152211	1.79708e-06
8.26	0.0151751	        0	 0.015258	1.79708e-06
8.28	0.0152115	        0	 0.015295	1.79708e-06
8.3	0.0152479	        0	0.0153319	1.79708e-06
8.32	0.0152843	        0	0.0153689	1.79708e-06
8.34	0.0153207	        0	0.0154058	1.79708e-06
8.36	0.0153571	        0	0.0154427	1.79708e-06
8.38	0.0153935	        0	0.0154797	1.79708e-06
8.4	0.0154299	        0	0.0155166	1.79708e-06
8.42	0.0154663	        0	0.0155536	1.79708e-06
8.44	0.0155027	        0	0.0155905	1.79708e-06
8.46	0.0155391	        0	0.0156275	1.79708e-06
8.48	0.0155755	        0	0.0156644	1.79708e-06
8.5	0.0156119	        0	0.0157014	1.79708e-06
8.52	0.0156483	        0	0.0157383	1.79708e-06
8.54	0.0156846	        0	0.0157752	1.79708e-06
8.56	 0.015721	        0	0.0158122	1.79708e-06
8.58	0.0157574	        0	0.0158491	1.79708e-06
8.6	0.0157938	        0	0.0158861	1.79708e-06
8.62	0.0158301	        0	 0.015923	1.79708e-06
8.64	0.0158665	        0	  0.01596	1.79708e-06
8.66	0.0159029	        0	0.0159969	1.79708e-06
8.68	0.0159392	        0	0.0160339	1.79708e-06
8.7	0.0159756	        0	0.0160708	1.79708e-06
8.72	0.0160119	        0	0.0161077	1.79708e-06
8.74	0.0160483	        0	0.0161447	1.79708e-06
8.76	0.0160847	        0	0.0161816	1.79708e-06
8.78	 0.016121	        0	0.0162186	1.79708e-06
8.8	0.0161574	        0	0.0162555	1.79708e-06
8.82	0.0161937	        0	0.0162925	1.79708e-06
8.84	  0.01623	        0	0.0163294	1.79708e-06
8.86	0.0162664	        0	0.0163664	1.79708e-06
8.88	0.0163027	        0	0.0164033	1.79708e-06
8.9	0.0163391	        0	0.0164402	1.79708e-06
8.92	0.0163754	        0	0.0164772	1.79708e-06
8.94	0.0164117	        0	0.0165141	1.79708e-06
8.96	0.0164481	        0	0.0165511	1.79708e-06
8.98	0.0164844	        0	 0.016588	1.79708e-06
9	0.0165207	        0	 0.016625	1.79708e-06
9.02	 0.016557	        0	0.0166619	1.79708e-06
9.04	0.0165933	        0	0.0166989	2.42233e-06
9.06	0.0166297	        0	0.0167358	2.42233e-06
9.08	 0.016666	        0	0.0167727	2.42233e-06
9.1	0.0167023	        0	0.0168097	2.42233e-06
9.12	0.0167386	        0	0.0168466	2.42233e-06
9.14	0.0167749	        0	0.0168836	2.42233e-06
9.16	0.0168112	        0	0.0169205	2.42233e-06
9.18	0.0168475	        0	0.0169575	2.42233e-06
9.2	0.0168838	        0	0.0169944	2.42233e-06
9.22	0.0169201	        0	0.0170313	2.42233e-06
9.24	0.0169564	        0	0.0170683	2.42233e-06
9.26	0.0169927	        0	0.0171052	2.42233e-06
9.28	 0.017029	        0	0.0171422	2.42233e-06
9.3	0.0170653	        0	0.0171791	2.42233e-06
9.32	0.0171016	        0	0.0172161	2.42233e-06
9.34	0.0171378	        0	 0.017253	2.42233e-06
9.36	0.0171741	        0	  0.01729	2.42233e-06
9.38	0.0172104	        0	0.0173269	2.42233e-06
9.4	0.0172467	        0	0.0173638	2.42233e-06
9.42	0.0172829	        0	0.0174008	2.42233e-06
9.44	0.0173192	        0	0.0174377	2.42233e-06
9.46	0.0173555	        0	0.0174747	2.42233e-06
9.48	0.0173917	        0	0.0175116	2.42233e-06
9.5	 0.017428	        0	0.0175486	2.42233e-06
9.52	0.0174643	        0	0.0175855	2.42233e-06
9.54	0.0175005	        0	0.0176225	2.42233e-06
9.56	0.0175368	        0	0.0176594	2.42233e-06
9.58	 0.017573	        0	0.0176963	2.42233e-06
9.6	0.0176093	        0	0.0177333	2.42233e-06
9.62	0.0176455	        0	0.0177702	2.42233e-06
9.64	0.0176817	        0	0.0178072	2.42233e-06
9.66	 0.017718	        0	0.0178441	2.42233e-06
9.68	0.0177542	        0	0.0178811	2.42233e-06
9.7	0.0177905	        0	 0.017918	2.42233e-06
9.72	0.0178267	        0	 0.017955	2.42233e-06
9.74	0.0178629	        0	0.0179919	2.42233e-06
9.76	0.0178991	        0	0.0180288	2.42233e-06
9.78	0.0179354	        0	0.0180658	2.42233e-06
9.8	0.0179716	        0	0.0181027	2.42233e-06
9.82	0.0180078	        0	0.0181397	2.42233e-06
9.84	 0.018044	        0	0.0181766	2.42233e-06
9.86	0.0180802	        0	0.0182136	2.42233e-06
9.88	0.0181164	        0	0.0182505	2.42233e-06
9.9	0.0181527	        0	0.0182875	2.42233e-06
9.92	0.0181889	        0	0.0183244	2.42233e-06
9.94	0.0182251	        0	0.0183613	2.42233e-06
9.96	0.0182613	        0	0.0183983	2.42233e-06
9.98	0.0182975	        0	0.0184352	2.42233e-06
10	0.0183336	        0	0.0184722	2.42233e-06
10	0.0183336	        0	0.0184722	2.42233e-06
