################################################################## 
# Generated by FullSWOF_2D version 1.07.01, 2017-05-09
################################################################## 
# Discharge on the left, right, bottom and top boundaries at each time
# time	left discharge (m^3/s)	right discharge (m^3/s)	bottom discharge (m^3/s)	top discharge (m^3/s)
1.1	-1.86631e-10	1.52615e-07	        0	        0
2	-1.0235e-09	3.76707e-07	        0	        0
3	-3.06597e-09	6.94828e-07	        0	        0
4	-6.37987e-09	1.07129e-06	        0	        0
5.1	-1.13886e-08	1.54073e-06	        0	        0
6.1	-1.69804e-08	2.00899e-06	        0	        0
7.1	-2.33343e-08	2.50935e-06	        0	        0
8.1	-3.02319e-08	3.03516e-06	        0	        0
9.1	-3.74721e-08	3.58022e-06	        0	        0
10.1	-4.48788e-08	4.13877e-06	        0	        0
11.1	-5.23034e-08	4.70547e-06	        0	        0
12.1	-5.96246e-08	5.2755e-06	        0	        0
13.1	-6.67467e-08	5.78422e-06	        0	        0
14.1	-7.35973e-08	6.24346e-06	        0	        0
15.1	-8.01237e-08	6.68117e-06	        0	        0
16.1	-8.62908e-08	7.09903e-06	        0	        0
17.1	-9.20776e-08	7.4991e-06	        0	        0
18.1	-9.74746e-08	7.88351e-06	        0	        0
19	-1.01998e-07	8.2178e-06	        0	        0
20	-1.0666e-07	8.57802e-06	        0	        0
21	-1.10949e-07	8.92821e-06	        0	        0
22	-1.14882e-07	 9.27e-06	        0	        0
23	-1.18476e-07	9.60481e-06	        0	        0
24	-1.21753e-07	9.93117e-06	        0	        0
25	-1.24731e-07	1.02504e-05	        0	        0
26	-1.27434e-07	1.05648e-05	        0	        0
27	-1.29881e-07	1.08776e-05	        0	        0
28	-1.32093e-07	1.11917e-05	        0	        0
29	-1.3409e-07	1.15096e-05	        0	        0
30	-1.3589e-07	1.18331e-05	        0	        0
31	-1.3751e-07	1.2164e-05	        0	        0
32	-1.38968e-07	1.25035e-05	        0	        0
33	-1.40278e-07	1.28527e-05	        0	        0
34	-1.41454e-07	1.32124e-05	        0	        0
35	-1.4251e-07	1.3583e-05	        0	        0
36	-1.43456e-07	1.39651e-05	        0	        0
37	-1.44304e-07	1.43587e-05	        0	        0
38	-1.45064e-07	1.47641e-05	        0	        0
39	-1.45743e-07	1.51811e-05	        0	        0
40	-1.46352e-07	1.56097e-05	        0	        0
41	-1.46896e-07	1.60498e-05	        0	        0
42	-1.47383e-07	1.37533e-05	        0	        0
43	-1.47818e-07	1.42318e-05	        0	        0
44	-1.48207e-07	1.47018e-05	        0	        0
45	-1.48554e-07	1.51749e-05	        0	        0
46	-1.48865e-07	1.56524e-05	        0	        0
47	-1.49142e-07	1.61344e-05	        0	        0
48	-1.4939e-07	1.66213e-05	        0	        0
49	-1.49611e-07	1.71132e-05	        0	        0
50	-1.49808e-07	1.76103e-05	        0	        0
51	-1.49985e-07	1.81131e-05	        0	        0
52	-1.50142e-07	1.86216e-05	        0	        0
53	-1.50282e-07	1.91361e-05	        0	        0
54	-1.50408e-07	1.9657e-05	        0	        0
55	-1.5052e-07	2.01843e-05	        0	        0
56	-1.50619e-07	2.07183e-05	        0	        0
57	-1.50708e-07	2.12592e-05	        0	        0
58	-1.50788e-07	2.1807e-05	        0	        0
59	-1.50859e-07	2.23621e-05	        0	        0
60	-1.50922e-07	2.29243e-05	        0	        0
61	-1.50979e-07	2.3494e-05	        0	        0
62	-1.51029e-07	2.4071e-05	        0	        0
63	-1.51074e-07	2.46556e-05	        0	        0
64	-1.51114e-07	2.52477e-05	        0	        0
65	-1.5115e-07	2.58473e-05	        0	        0
66	-1.51181e-07	2.64546e-05	        0	        0
67	-1.5121e-07	2.70695e-05	        0	        0
68	-1.51235e-07	2.76921e-05	        0	        0
69	-1.51258e-07	2.83223e-05	        0	        0
70	-1.51278e-07	2.89601e-05	        0	        0
71	-1.51296e-07	2.96057e-05	        0	        0
72	-1.51312e-07	3.02588e-05	        0	        0
73	-1.51326e-07	3.09197e-05	        0	        0
74	-1.51339e-07	3.15882e-05	        0	        0
75	-1.51351e-07	3.22645e-05	        0	        0
76.1	-1.51362e-07	3.30177e-05	        0	        0
77.1	-1.51371e-07	3.37105e-05	        0	        0
78.1	-1.51379e-07	3.44109e-05	        0	        0
79.1	-1.51386e-07	3.51189e-05	        0	        0
80.1	-1.51392e-07	3.58346e-05	        0	        0
81.1	-1.51398e-07	3.6558e-05	        0	        0
82.1	-1.51403e-07	3.7289e-05	        0	        0
83.1	-1.51407e-07	3.80279e-05	        0	        0
84.1	-1.51411e-07	3.87745e-05	        0	        0
85.1	-1.51415e-07	3.9529e-05	        0	        0
86.1	-1.51418e-07	4.02913e-05	        0	        0
87.1	-1.51421e-07	4.10614e-05	        0	        0
88.1	-1.51424e-07	4.18393e-05	        0	        0
89.1	-1.51426e-07	4.26251e-05	        0	        0
90.1	-1.51428e-07	4.34185e-05	        0	        0
91.1	-1.5143e-07	4.42197e-05	        0	        0
92.1	-1.51431e-07	4.50284e-05	        0	        0
93.1	-1.51433e-07	4.58446e-05	        0	        0
94.1	-1.51434e-07	4.66682e-05	        0	        0
95.1	-1.51435e-07	4.74991e-05	        0	        0
96.1	-1.51436e-07	4.83372e-05	        0	        0
97.1	-1.51437e-07	4.91824e-05	        0	        0
98.1	-1.51438e-07	5.00345e-05	        0	        0
99.1	-1.51439e-07	5.08935e-05	        0	        0
100.1	-1.51439e-07	5.17591e-05	        0	        0
101.1	-1.5144e-07	5.26314e-05	        0	        0
102.1	-1.5144e-07	5.35102e-05	        0	        0
103.1	-1.51441e-07	5.43954e-05	        0	        0
104.1	-1.51441e-07	5.52868e-05	        0	        0
105.1	-1.51442e-07	5.61845e-05	        0	        0
106.1	-1.51442e-07	5.70882e-05	        0	        0
107.1	-1.51442e-07	5.7998e-05	        0	        0
108.1	-1.51443e-07	5.89137e-05	        0	        0
109.1	-1.51443e-07	5.98353e-05	        0	        0
110.1	-1.51443e-07	6.07627e-05	        0	        0
111.1	-1.51443e-07	6.16959e-05	        0	        0
112.1	-1.51443e-07	6.26347e-05	        0	        0
113.1	-1.51443e-07	6.35793e-05	        0	        0
114.1	-1.51444e-07	6.45294e-05	        0	        0
115.1	-1.51444e-07	6.54852e-05	        0	        0
116.1	-1.51444e-07	6.64464e-05	        0	        0
117.1	-1.51444e-07	6.74132e-05	        0	        0
118.1	-1.51444e-07	6.83856e-05	        0	        0
119.1	-1.51444e-07	6.93634e-05	        0	        0
120.1	-1.51444e-07	7.03466e-05	        0	        0
121.1	-1.51444e-07	7.13354e-05	        0	        0
122.1	-1.51444e-07	7.23296e-05	        0	        0
123.1	-1.51444e-07	7.33292e-05	        0	        0
124.1	-1.51444e-07	7.43342e-05	        0	        0
125.1	-1.51444e-07	7.53447e-05	        0	        0
126.1	-1.51444e-07	7.63606e-05	        0	        0
127.1	-1.51444e-07	7.73819e-05	        0	        0
128.1	-1.51444e-07	7.84087e-05	        0	        0
129.1	-1.51444e-07	7.94408e-05	        0	        0
130.1	-1.51444e-07	8.04783e-05	        0	        0
131.1	-1.51444e-07	8.15213e-05	        0	        0
132.1	-1.51444e-07	8.25696e-05	        0	        0
133.1	-1.51445e-07	8.36233e-05	        0	        0
134.1	-1.51445e-07	8.46824e-05	        0	        0
135.1	-1.51445e-07	8.57469e-05	        0	        0
136.1	-1.51445e-07	8.68167e-05	        0	        0
137.1	-1.51445e-07	8.78919e-05	        0	        0
138.1	-1.51445e-07	8.89725e-05	        0	        0
139.1	-1.51445e-07	9.00584e-05	        0	        0
140.1	-1.51445e-07	9.11496e-05	        0	        0
141.1	-1.51445e-07	9.22462e-05	        0	        0
142.1	-1.51445e-07	9.33468e-05	        0	        0
143.1	-1.51445e-07	9.44521e-05	        0	        0
144.1	-1.51445e-07	9.55637e-05	        0	        0
145.1	-1.51445e-07	9.66816e-05	        0	        0
146.1	-1.51445e-07	9.78056e-05	        0	        0
147.1	-1.51445e-07	9.89353e-05	        0	        0
148.1	-1.51445e-07	0.000100071	        0	        0
149.1	-1.51445e-07	0.000101211	        0	        0
150.1	-1.51445e-07	0.000102358	        0	        0
151.1	-1.51445e-07	0.000103509	        0	        0
152.1	-1.51445e-07	0.000104666	        0	        0
153.1	-1.51445e-07	0.000105828	        0	        0
154.1	-1.51445e-07	0.000106995	        0	        0
155.1	-1.51445e-07	0.000108168	        0	        0
156.1	-1.51445e-07	0.000109345	        0	        0
157.1	-1.51445e-07	0.000110527	        0	        0
158.1	-1.51445e-07	0.000111715	        0	        0
159.1	-1.51445e-07	0.000112908	        0	        0
160.1	-1.51445e-07	0.000114105	        0	        0
161.1	-1.51445e-07	0.000115308	        0	        0
162.1	-1.51445e-07	0.000116515	        0	        0
163.1	-1.51445e-07	0.000117728	        0	        0
164.1	-1.51445e-07	0.000118945	        0	        0
165.1	-1.51445e-07	0.000120168	        0	        0
166.1	-1.51445e-07	0.000121395	        0	        0
167.1	-1.51445e-07	0.000122627	        0	        0
168.1	-1.51445e-07	0.000123865	        0	        0
169.1	-1.51445e-07	0.000125107	        0	        0
170.1	-1.51445e-07	0.000126354	        0	        0
171.1	-1.51445e-07	0.000127606	        0	        0
172.1	-1.51445e-07	0.000128863	        0	        0
173.1	-1.51445e-07	0.000130124	        0	        0
174.1	-1.51445e-07	0.000131391	        0	        0
175.1	-1.51445e-07	0.000132662	        0	        0
176.1	-1.51445e-07	0.000133939	        0	        0
177.1	-1.51445e-07	0.00013522	        0	        0
178.1	-1.51445e-07	0.000136506	        0	        0
179.1	-1.51445e-07	0.000137797	        0	        0
180.1	-1.51445e-07	0.000139093	        0	        0
181.1	-1.51445e-07	0.000140393	        0	        0
182.1	-1.51445e-07	0.000141699	        0	        0
183.1	-1.51445e-07	0.000143009	        0	        0
184.1	-1.51445e-07	0.000144324	        0	        0
185.1	-1.51445e-07	0.000145644	        0	        0
186.1	-1.51445e-07	0.000146969	        0	        0
187.1	-1.51445e-07	0.000148298	        0	        0
188.1	-1.51445e-07	0.000149632	        0	        0
189.1	-1.51445e-07	0.000150971	        0	        0
190.1	-1.51445e-07	0.000152315	        0	        0
191.1	-1.51445e-07	0.000153663	        0	        0
192.1	-1.51445e-07	0.000155017	        0	        0
193.1	-1.51445e-07	0.000156375	        0	        0
194.1	-1.51445e-07	0.000157738	        0	        0
195.1	-1.51445e-07	0.000159105	        0	        0
196.1	-1.51445e-07	0.000160477	        0	        0
197.1	-1.51445e-07	0.000161854	        0	        0
198.1	-1.51445e-07	0.000163236	        0	        0
199.1	-1.51445e-07	0.000164622	        0	        0
200.1	-1.51445e-07	0.000166013	        0	        0
201.1	-1.51445e-07	0.000167409	        0	        0
202.1	-1.51445e-07	0.00016881	        0	        0
203.1	-1.51445e-07	0.000170215	        0	        0
204.1	-1.51445e-07	0.000171625	        0	        0
205.1	-1.51445e-07	0.000173039	        0	        0
206.1	-1.51445e-07	0.000174458	        0	        0
207.1	-1.51445e-07	0.000175882	        0	        0
208.1	-1.51445e-07	0.00017731	        0	        0
209.1	-1.51445e-07	0.000178743	        0	        0
210.1	-1.51445e-07	0.000180181	        0	        0
211.1	-1.51445e-07	0.000181623	        0	        0
212.1	-1.51445e-07	0.00018307	        0	        0
213.1	-1.51445e-07	0.000184522	        0	        0
214.1	-1.51445e-07	0.000185978	        0	        0
215.1	-1.51445e-07	0.000187439	        0	        0
216.1	-1.51445e-07	0.000188904	        0	        0
217.1	-1.51445e-07	0.000190374	        0	        0
218.1	-1.51445e-07	0.000191848	        0	        0
219.1	-1.51445e-07	0.000193327	        0	        0
220.1	-1.51445e-07	0.000194811	        0	        0
221.1	-1.51445e-07	0.000196299	        0	        0
222.1	-1.51445e-07	0.000197792	        0	        0
223.1	-1.51445e-07	0.000199289	        0	        0
224.1	-1.51445e-07	0.000200791	        0	        0
225.1	-1.51445e-07	0.000202297	        0	        0
226.1	-1.51445e-07	0.000203808	        0	        0
227.1	-1.51445e-07	0.000205323	        0	        0
228.1	-1.51445e-07	0.000206843	        0	        0
229.1	-1.51445e-07	0.000208367	        0	        0
230.1	-1.51445e-07	0.000209896	        0	        0
231.1	-1.51445e-07	0.000211429	        0	        0
232.1	-1.51445e-07	0.000212967	        0	        0
233.1	-1.51445e-07	0.000214509	        0	        0
234.1	-1.51445e-07	0.000216056	        0	        0
235.1	-1.51445e-07	0.000217609	        0	        0
236.1	-1.51445e-07	0.000219167	        0	        0
237.1	-1.51445e-07	0.00022073	        0	        0
238.1	-1.51445e-07	0.000222298	        0	        0
239.1	-1.51445e-07	0.000223871	        0	        0
240.1	-1.51445e-07	0.000225448	        0	        0
241.1	-1.51445e-07	0.000227029	        0	        0
242.1	-1.51445e-07	0.000228614	        0	        0
243.1	-1.51445e-07	0.000230203	        0	        0
244.1	-1.51445e-07	0.000231797	        0	        0
245.1	-1.51445e-07	0.000233394	        0	        0
246.1	-1.51445e-07	0.000234996	        0	        0
247.1	-1.51445e-07	0.000236603	        0	        0
248.1	-1.51445e-07	0.000238213	        0	        0
249.1	-1.51445e-07	0.000239828	        0	        0
250.1	-1.51445e-07	0.000241447	        0	        0
251.1	-1.51445e-07	0.00024307	        0	        0
252.1	-1.51445e-07	0.000244698	        0	        0
253.1	-1.51445e-07	0.000246329	        0	        0
254.1	-1.51445e-07	0.000247965	        0	        0
255.1	-1.51445e-07	0.000249606	        0	        0
256.1	-1.51445e-07	0.00025125	        0	        0
257.1	-1.51445e-07	0.000252899	        0	        0
258.1	-1.51445e-07	0.000254552	        0	        0
259.1	-1.51445e-07	0.000256209	        0	        0
260.1	-1.51445e-07	0.000257868	        0	        0
261.1	-1.51445e-07	0.00025953	        0	        0
262.1	-1.51445e-07	0.000261196	        0	        0
263.1	-1.51445e-07	0.000262866	        0	        0
264.1	-1.51445e-07	0.000264541	        0	        0
265.1	-1.51445e-07	0.000266221	        0	        0
266.1	-1.51445e-07	0.000267906	        0	        0
267.1	-1.51445e-07	0.000269596	        0	        0
268.1	-1.51445e-07	0.00027129	        0	        0
269.1	-1.51445e-07	0.000272988	        0	        0
270.1	-1.51445e-07	0.000274691	        0	        0
271.1	-1.51445e-07	0.000276398	        0	        0
272.1	-1.51445e-07	0.00027811	        0	        0
273.1	-1.51445e-07	0.000279826	        0	        0
274.1	-1.51445e-07	0.000281547	        0	        0
275.1	-1.51445e-07	0.000283272	        0	        0
276.1	-1.51445e-07	0.000285001	        0	        0
277.1	-1.51445e-07	0.000286734	        0	        0
278.1	-1.51445e-07	0.000288472	        0	        0
279.1	-1.51445e-07	0.000290214	        0	        0
280.1	-1.51445e-07	0.00029196	        0	        0
281.1	-1.51445e-07	0.00029371	        0	        0
282.1	-1.51445e-07	0.000295465	        0	        0
283.1	-1.51445e-07	0.000297224	        0	        0
284.1	-1.51445e-07	0.000298987	        0	        0
285.1	-1.51445e-07	0.000300754	        0	        0
286.1	-1.51445e-07	0.000302525	        0	        0
287.1	-1.51445e-07	0.000304301	        0	        0
288.1	-1.51445e-07	0.00030608	        0	        0
289.1	-1.51445e-07	0.000307864	        0	        0
290.1	-1.51445e-07	0.000309652	        0	        0
291.1	-1.51445e-07	0.000311444	        0	        0
292.1	-1.51445e-07	0.00031324	        0	        0
293.1	-1.51445e-07	0.00031504	        0	        0
294.1	-1.51445e-07	0.000316845	        0	        0
295.1	-1.51445e-07	0.000318653	        0	        0
296.1	-1.51445e-07	0.000320466	        0	        0
297.1	-1.51445e-07	0.000322283	        0	        0
298.1	-1.51445e-07	0.000324104	        0	        0
299.1	-1.51445e-07	0.000325929	        0	        0
300.1	-1.51445e-07	0.000327758	        0	        0
301.1	-1.51445e-07	0.000329591	        0	        0
302	-1.51445e-07	0.000331244	        0	        0
303	-1.51445e-07	0.000333085	        0	        0
304	-1.51445e-07	0.00033493	        0	        0
305	-1.51445e-07	0.000336779	        0	        0
306	-1.51445e-07	0.000338632	        0	        0
307	-1.51445e-07	0.000340489	        0	        0
308	-1.51445e-07	0.00034235	        0	        0
309	-1.51445e-07	0.000344216	        0	        0
310	-1.51445e-07	0.000346085	        0	        0
311	-1.51445e-07	0.000347958	        0	        0
312	-1.51445e-07	0.000349836	        0	        0
313	-1.51445e-07	0.000351717	        0	        0
314	-1.51445e-07	0.000353603	        0	        0
315	-1.51445e-07	0.000355492	        0	        0
316	-1.51445e-07	0.000357386	        0	        0
317	-1.51445e-07	0.000359283	        0	        0
318	-1.51445e-07	0.000361185	        0	        0
319	-1.51445e-07	0.000363091	        0	        0
320	-1.51445e-07	 0.000365	        0	        0
321	-1.51445e-07	0.000366914	        0	        0
322	-1.51445e-07	0.000368832	        0	        0
323	-1.51445e-07	0.000370753	        0	        0
324	-1.51445e-07	0.000372679	        0	        0
325	-1.51445e-07	0.000374609	        0	        0
326	-1.51445e-07	0.000376542	        0	        0
327	-1.51445e-07	0.00037848	        0	        0
328	-1.51445e-07	0.000380421	        0	        0
329	-1.51445e-07	0.000382367	        0	        0
330	-1.51445e-07	0.000384316	        0	        0
331	-1.51445e-07	0.00038627	        0	        0
332	-1.51445e-07	0.000388227	        0	        0
333	-1.51445e-07	0.000390189	        0	        0
334	-1.51445e-07	0.000392154	        0	        0
335	-1.51445e-07	0.000394124	        0	        0
336	-1.51445e-07	0.000396101	        0	        0
337	-1.51445e-07	0.000398082	        0	        0
338	-1.51445e-07	0.000400067	        0	        0
339	-1.51445e-07	0.000402055	        0	        0
340	-1.51445e-07	0.000404046	        0	        0
341	-1.51445e-07	0.000406042	        0	        0
342	-1.51445e-07	0.000408042	        0	        0
343	-1.51445e-07	0.000410046	        0	        0
344	-1.51445e-07	0.000412054	        0	        0
345	-1.51445e-07	0.000414066	        0	        0
346	-1.51445e-07	0.000416082	        0	        0
347	-1.51445e-07	0.000418102	        0	        0
348	-1.51445e-07	0.000420125	        0	        0
349	-1.51445e-07	0.000422152	        0	        0
350	-1.51445e-07	0.000424183	        0	        0
351	-1.51445e-07	0.000426218	        0	        0
352	-1.51445e-07	0.000428256	        0	        0
353	-1.51445e-07	0.000430299	        0	        0
354	-1.51445e-07	0.000432345	        0	        0
355	-1.51445e-07	0.000434394	        0	        0
356	-1.51445e-07	0.000436448	        0	        0
357	-1.51445e-07	0.000438506	        0	        0
358	-1.51445e-07	0.000440567	        0	        0
359	-1.51445e-07	0.000442632	        0	        0
360	-1.51445e-07	0.000444701	        0	        0
361	-1.51445e-07	0.000446773	        0	        0
362	-1.51445e-07	0.00044885	        0	        0
363	-1.51445e-07	0.00045093	        0	        0
364	-1.51445e-07	0.000453014	        0	        0
365	-1.51445e-07	0.000455102	        0	        0
366	-1.51445e-07	0.000457193	        0	        0
367	-1.51445e-07	0.000459289	        0	        0
368	-1.51445e-07	0.000461388	        0	        0
369	-1.51445e-07	0.000463491	        0	        0
370	-1.51445e-07	0.000465598	        0	        0
371	-1.51445e-07	0.000467708	        0	        0
372	-1.51445e-07	0.000469823	        0	        0
373	-1.51445e-07	0.000471943	        0	        0
374	-1.51445e-07	0.000474068	        0	        0
375	-1.51445e-07	0.000476197	        0	        0
376	-1.51445e-07	0.000478329	        0	        0
377	-1.51445e-07	0.000480465	        0	        0
378	-1.51445e-07	0.000482604	        0	        0
379	-1.51445e-07	0.000484746	        0	        0
380	-1.51445e-07	0.000486892	        0	        0
381	-1.51445e-07	0.000489041	        0	        0
382	-1.51445e-07	0.000491194	        0	        0
383	-1.51445e-07	0.000493351	        0	        0
384	-1.51445e-07	0.000495513	        0	        0
385	-1.51445e-07	0.000497678	        0	        0
386	-1.51445e-07	0.000499846	        0	        0
387	-1.51445e-07	0.000502016	        0	        0
388	-1.51445e-07	0.000504189	        0	        0
389	-1.51445e-07	0.000506366	        0	        0
390	-1.51445e-07	0.000508547	        0	        0
391	-1.51445e-07	0.000510732	        0	        0
392	-1.51445e-07	0.000512921	        0	        0
393	-1.51445e-07	0.000515113	        0	        0
394	-1.51445e-07	0.00051731	        0	        0
395	-1.51445e-07	0.00051951	        0	        0
396	-1.51445e-07	0.000521715	        0	        0
397	-1.51445e-07	0.000523923	        0	        0
398	-1.51445e-07	0.000526135	        0	        0
399	-1.51445e-07	0.000528351	        0	        0
400	-1.51445e-07	0.000530572	        0	        0
401	-1.51445e-07	0.000532796	        0	        0
402	-1.51445e-07	0.000535023	        0	        0
403	-1.51445e-07	0.000537255	        0	        0
404	-1.51445e-07	0.00053949	        0	        0
405	-1.51445e-07	0.000541729	        0	        0
406	-1.51445e-07	0.000543971	        0	        0
407	-1.51445e-07	0.000546218	        0	        0
408	-1.51445e-07	0.000548468	        0	        0
409	-1.51445e-07	0.000550722	        0	        0
410	-1.51445e-07	0.000552979	        0	        0
411	-1.51445e-07	0.00055524	        0	        0
412	-1.51445e-07	0.000557505	        0	        0
413	-1.51445e-07	0.000559773	        0	        0
414	-1.51445e-07	0.000562045	        0	        0
415	-1.51445e-07	0.000564321	        0	        0
416	-1.51445e-07	0.0005666	        0	        0
417	-1.51445e-07	0.000568883	        0	        0
418	-1.51445e-07	0.00057117	        0	        0
419	-1.51445e-07	0.00057346	        0	        0
420	-1.51445e-07	0.000575755	        0	        0
421	-1.51445e-07	0.000578053	        0	        0
422	-1.51445e-07	0.000580354	        0	        0
423	-1.51445e-07	0.000582659	        0	        0
424	-1.51445e-07	0.000584967	        0	        0
425	-1.51445e-07	0.000587279	        0	        0
426	-1.51445e-07	0.000589594	        0	        0
427	-1.51445e-07	0.000591913	        0	        0
428	-1.51445e-07	0.000594235	        0	        0
429	-1.51445e-07	0.00059656	        0	        0
430	-1.51445e-07	0.000598889	        0	        0
431	-1.51445e-07	0.000601221	        0	        0
432	-1.51445e-07	0.000603557	        0	        0
433	-1.51445e-07	0.000605895	        0	        0
434	-1.51445e-07	0.000608237	        0	        0
435	-1.51445e-07	0.000610581	        0	        0
436	-1.51445e-07	0.000612929	        0	        0
437	-1.51445e-07	0.00061528	        0	        0
438	-1.51445e-07	0.000617633	        0	        0
439	-1.51445e-07	0.000619989	        0	        0
440	-1.51445e-07	0.000622348	        0	        0
441	-1.51445e-07	0.00062471	        0	        0
442	-1.51445e-07	0.000627074	        0	        0
443	-1.51445e-07	0.000629441	        0	        0
444	-1.51445e-07	0.00063181	        0	        0
445	-1.51445e-07	0.000634181	        0	        0
446	-1.51445e-07	0.000636554	        0	        0
447	-1.51445e-07	0.000638929	        0	        0
448	-1.51445e-07	0.000641306	        0	        0
449	-1.51445e-07	0.000643685	        0	        0
450	-1.51445e-07	0.000646065	        0	        0
451	-1.51445e-07	0.000648446	        0	        0
452	-1.51445e-07	0.000650829	        0	        0
453	-1.51445e-07	0.000653213	        0	        0
454	-1.51445e-07	0.000655597	        0	        0
455	-1.51445e-07	0.000657983	        0	        0
456	-1.51445e-07	0.000660368	        0	        0
457	-1.51445e-07	0.000662754	        0	        0
458	-1.51445e-07	0.00066514	        0	        0
459	-1.51445e-07	0.000667525	        0	        0
460	-1.51445e-07	0.000669911	        0	        0
461	-1.51445e-07	0.000672295	        0	        0
462	-1.51445e-07	0.000674678	        0	        0
463	-1.51445e-07	0.00067706	        0	        0
464	-1.51445e-07	0.000679441	        0	        0
465	-1.51445e-07	0.00068182	        0	        0
466	-1.51445e-07	0.000684197	        0	        0
467	-1.51445e-07	0.000686571	        0	        0
468	-1.51445e-07	0.000688943	        0	        0
469	-1.51445e-07	0.000691311	        0	        0
470	-1.51445e-07	0.000693677	        0	        0
471	-1.51445e-07	0.000696039	        0	        0
472	-1.51445e-07	0.000698397	        0	        0
473	-1.51445e-07	0.00070075	        0	        0
474	-1.51445e-07	0.000703099	        0	        0
475	-1.51445e-07	0.000705443	        0	        0
476	-1.51445e-07	0.000707782	        0	        0
477	-1.51445e-07	0.000710115	        0	        0
478	-1.51445e-07	0.000712442	        0	        0
479	-1.51445e-07	0.000714763	        0	        0
480	-1.51445e-07	0.000717077	        0	        0
481	-1.51445e-07	0.000719385	        0	        0
482	-1.51445e-07	0.000721684	        0	        0
483	-1.51445e-07	0.000723976	        0	        0
484	-1.51445e-07	0.00072626	        0	        0
485	-1.51445e-07	0.000728536	        0	        0
486	-1.51445e-07	0.000730802	        0	        0
487	-1.51445e-07	0.00073306	        0	        0
488	-1.51445e-07	0.000735308	        0	        0
489	-1.51445e-07	0.000737546	        0	        0
490	-1.51445e-07	0.000739774	        0	        0
491	-1.51445e-07	0.000741991	        0	        0
492	-1.51445e-07	0.000744197	        0	        0
493	-1.51445e-07	0.000746392	        0	        0
494	-1.51445e-07	0.000748576	        0	        0
495	-1.51445e-07	0.000750748	        0	        0
496	-1.51445e-07	0.000752907	        0	        0
497	-1.51445e-07	0.000755054	        0	        0
498	-1.51445e-07	0.000757188	        0	        0
499	-1.51445e-07	0.000759309	        0	        0
500	-1.51445e-07	0.000761417	        0	        0
501	-1.51445e-07	0.00076351	        0	        0
502	-1.51445e-07	0.00076559	        0	        0
503	-1.51445e-07	0.000767656	        0	        0
504	-1.51445e-07	0.000769707	        0	        0
505	-1.51445e-07	0.000771743	        0	        0
506	-1.51445e-07	0.000773763	        0	        0
507	-1.51445e-07	0.000775769	        0	        0
508	-1.51445e-07	0.00077776	        0	        0
509	-1.51445e-07	0.000779736	        0	        0
510	-1.51445e-07	0.000781697	        0	        0
511	-1.51445e-07	0.000783642	        0	        0
512	-1.51445e-07	0.000785571	        0	        0
513	-1.51445e-07	0.000787483	        0	        0
514	-1.51445e-07	0.000789378	        0	        0
515	-1.51445e-07	0.000791256	        0	        0
516	-1.51445e-07	0.000793117	        0	        0
517	-1.51445e-07	0.000794961	        0	        0
518	-1.51445e-07	0.000796787	        0	        0
519	-1.51445e-07	0.000798596	        0	        0
520	-1.51445e-07	0.000800387	        0	        0
521	-1.51445e-07	0.00080216	        0	        0
522	-1.51445e-07	0.000803915	        0	        0
523	-1.51445e-07	0.000805653	        0	        0
524	-1.51445e-07	0.000807372	        0	        0
525	-1.51445e-07	0.000809073	        0	        0
526	-1.51445e-07	0.000810756	        0	        0
527	-1.51445e-07	0.00081242	        0	        0
528	-1.51445e-07	0.000814067	        0	        0
529	-1.51445e-07	0.000815695	        0	        0
530	-1.51445e-07	0.000817305	        0	        0
531	-1.51445e-07	0.000818897	        0	        0
532	-1.51445e-07	0.00082047	        0	        0
533	-1.51445e-07	0.000822024	        0	        0
534	-1.51445e-07	0.00082356	        0	        0
535	-1.51445e-07	0.000825077	        0	        0
536	-1.51445e-07	0.000826576	        0	        0
537	-1.51445e-07	0.000828057	        0	        0
538	-1.51445e-07	0.000829519	        0	        0
539	-1.51445e-07	0.000830963	        0	        0
540	-1.51445e-07	0.000832388	        0	        0
541	-1.51445e-07	0.000833796	        0	        0
542	-1.51445e-07	0.000835185	        0	        0
543	-1.51445e-07	0.000836557	        0	        0
544	-1.51445e-07	0.000837911	        0	        0
545	-1.51445e-07	0.000839246	        0	        0
546	-1.51445e-07	0.000840563	        0	        0
547	-1.51445e-07	0.000841863	        0	        0
548	-1.51445e-07	0.000843144	        0	        0
549	-1.51445e-07	0.000844407	        0	        0
550	-1.51445e-07	0.000845653	        0	        0
551	-1.51445e-07	0.000846881	        0	        0
552	-1.51445e-07	0.000848091	        0	        0
553	-1.51445e-07	0.000849285	        0	        0
554	-1.51445e-07	0.00085046	        0	        0
555	-1.51445e-07	0.000851619	        0	        0
556	-1.51445e-07	0.000852761	        0	        0
557	-1.51445e-07	0.000853886	        0	        0
558	-1.51445e-07	0.000854994	        0	        0
559	-1.51445e-07	0.000856085	        0	        0
560	-1.51445e-07	0.00085716	        0	        0
561	-1.51445e-07	0.000858219	        0	        0
562	-1.51445e-07	0.000859261	        0	        0
563	-1.51445e-07	0.000860287	        0	        0
564	-1.51445e-07	0.000861297	        0	        0
565	-1.51445e-07	0.000862292	        0	        0
566	-1.51445e-07	0.000863271	        0	        0
567	-1.51445e-07	0.000864234	        0	        0
568	-1.51445e-07	0.000865182	        0	        0
569	-1.51445e-07	0.000866115	        0	        0
570	-1.51445e-07	0.000867033	        0	        0
571	-1.51445e-07	0.000867936	        0	        0
572	-1.51445e-07	0.000868824	        0	        0
573	-1.51445e-07	0.000869697	        0	        0
574	-1.51445e-07	0.000870556	        0	        0
575	-1.51445e-07	0.000871401	        0	        0
576	-1.51445e-07	0.000872232	        0	        0
577	-1.51445e-07	0.000873049	        0	        0
578	-1.51445e-07	0.000873852	        0	        0
579	-1.51445e-07	0.000874642	        0	        0
580	-1.51445e-07	0.000875418	        0	        0
581	-1.51445e-07	0.000876181	        0	        0
582	-1.51445e-07	0.000876931	        0	        0
583	-1.51445e-07	0.000877668	        0	        0
584	-1.51445e-07	0.000878392	        0	        0
585	-1.51445e-07	0.000879103	        0	        0
586	-1.51445e-07	0.000879802	        0	        0
587	-1.51445e-07	0.000880489	        0	        0
588	-1.51445e-07	0.000881163	        0	        0
589	-1.51445e-07	0.000881826	        0	        0
590	-1.51445e-07	0.000882477	        0	        0
591	-1.51445e-07	0.000883116	        0	        0
592	-1.51445e-07	0.000883743	        0	        0
593	-1.51445e-07	0.000884359	        0	        0
594	-1.51445e-07	0.000884965	        0	        0
595	-1.51445e-07	0.000885561	        0	        0
596	-1.51445e-07	0.000886145	        0	        0
597	-1.51445e-07	0.000886716	        0	        0
598	-1.51445e-07	0.000887274	        0	        0
599	-1.51445e-07	0.000887822	        0	        0
600	-1.51445e-07	0.00088836	        0	        0
601	-1.51445e-07	0.000888888	        0	        0
602	-1.51445e-07	0.000889407	        0	        0
603	-1.51445e-07	0.000889916	        0	        0
604	-1.51445e-07	0.000890415	        0	        0
605	-1.51445e-07	0.000890905	        0	        0
606	-1.51445e-07	0.000891386	        0	        0
607	-1.51445e-07	0.000891858	        0	        0
608	-1.51445e-07	0.00089232	        0	        0
609	-1.51445e-07	0.000892774	        0	        0
610	-1.51445e-07	0.00089322	        0	        0
611	-1.51445e-07	0.000893657	        0	        0
612	-1.51445e-07	0.000894085	        0	        0
613	-1.51445e-07	0.000894505	        0	        0
614	-1.51445e-07	0.000894918	        0	        0
615	-1.51445e-07	0.000895322	        0	        0
616	-1.51445e-07	0.000895718	        0	        0
617	-1.51445e-07	0.000896107	        0	        0
618	-1.51445e-07	0.000896487	        0	        0
619	-1.51445e-07	0.00089686	        0	        0
620	-1.51445e-07	0.000897225	        0	        0
621	-1.51445e-07	0.000897583	        0	        0
622	-1.51445e-07	0.000897934	        0	        0
623	-1.51445e-07	0.000898279	        0	        0
624	-1.51445e-07	0.000898617	        0	        0
625	-1.51445e-07	0.000898949	        0	        0
626	-1.51445e-07	0.000899273	        0	        0
627	-1.51445e-07	0.000899591	        0	        0
628	-1.51445e-07	0.000899902	        0	        0
629	-1.51445e-07	0.000900208	        0	        0
630	-1.51445e-07	0.000900507	        0	        0
631	-1.51445e-07	0.000900799	        0	        0
632	-1.51445e-07	0.000901086	        0	        0
633	-1.51445e-07	0.000901367	        0	        0
634	-1.51445e-07	0.000901643	        0	        0
635	-1.51445e-07	0.000901912	        0	        0
636	-1.51445e-07	0.000902176	        0	        0
637	-1.51445e-07	0.000902435	        0	        0
638	-1.51445e-07	0.000902688	        0	        0
639	-1.51445e-07	0.000902936	        0	        0
640	-1.51445e-07	0.000903178	        0	        0
641	-1.51445e-07	0.000903416	        0	        0
642	-1.51445e-07	0.000903648	        0	        0
643	-1.51445e-07	0.000903876	        0	        0
644	-1.51445e-07	0.000904099	        0	        0
645	-1.51445e-07	0.000904317	        0	        0
646	-1.51445e-07	0.00090453	        0	        0
647	-1.51445e-07	0.000904739	        0	        0
648	-1.51445e-07	0.000904943	        0	        0
649	-1.51445e-07	0.000905144	        0	        0
650	-1.51445e-07	0.000905339	        0	        0
651	-1.51445e-07	0.000905531	        0	        0
652	-1.51445e-07	0.000905718	        0	        0
653	-1.51445e-07	0.000905901	        0	        0
654	-1.51445e-07	0.000906081	        0	        0
655	-1.51445e-07	0.000906256	        0	        0
656	-1.51445e-07	0.000906428	        0	        0
657	-1.51445e-07	0.000906596	        0	        0
658	-1.51445e-07	0.00090676	        0	        0
659	-1.51445e-07	0.000906921	        0	        0
660	-1.51445e-07	0.000907078	        0	        0
661	-1.51445e-07	0.000907231	        0	        0
662	-1.51445e-07	0.000907381	        0	        0
663	-1.51445e-07	0.000907528	        0	        0
664	-1.51445e-07	0.000907672	        0	        0
665	-1.51445e-07	0.000907812	        0	        0
666	-1.51445e-07	0.00090795	        0	        0
667	-1.51445e-07	0.000908084	        0	        0
668	-1.51445e-07	0.000908215	        0	        0
669	-1.51445e-07	0.000908343	        0	        0
670	-1.51445e-07	0.000908469	        0	        0
671	-1.51445e-07	0.000908591	        0	        0
672	-1.51445e-07	0.000908711	        0	        0
673	-1.51445e-07	0.000908828	        0	        0
674	-1.51445e-07	0.000908942	        0	        0
675	-1.51445e-07	0.000909054	        0	        0
676	-1.51445e-07	0.000909163	        0	        0
677	-1.51445e-07	0.00090927	        0	        0
678	-1.51445e-07	0.000909374	        0	        0
679	-1.51445e-07	0.000909476	        0	        0
680	-1.51445e-07	0.000909576	        0	        0
681	-1.51445e-07	0.000909673	        0	        0
682	-1.51445e-07	0.000909768	        0	        0
683	-1.51445e-07	0.000909861	        0	        0
684	-1.51445e-07	0.000909952	        0	        0
685	-1.51445e-07	0.000910041	        0	        0
686	-1.51445e-07	0.000910127	        0	        0
687	-1.51445e-07	0.000910212	        0	        0
688	-1.51445e-07	0.000910294	        0	        0
689	-1.51445e-07	0.000910375	        0	        0
690	-1.51445e-07	0.000910454	        0	        0
691	-1.51445e-07	0.00091053	        0	        0
692	-1.51445e-07	0.000910606	        0	        0
693	-1.51445e-07	0.000910679	        0	        0
694	-1.51445e-07	0.00091075	        0	        0
695	-1.51445e-07	0.00091082	        0	        0
696	-1.51445e-07	0.000910889	        0	        0
697	-1.51445e-07	0.000910955	        0	        0
698	-1.51445e-07	0.00091102	        0	        0
699	-1.51445e-07	0.000911084	        0	        0
700	-1.51445e-07	0.000911146	        0	        0
701	-1.51445e-07	0.000911206	        0	        0
702	-1.51445e-07	0.000911265	        0	        0
703	-1.51445e-07	0.000911323	        0	        0
704	-1.51445e-07	0.000911379	        0	        0
705	-1.51445e-07	0.000911434	        0	        0
706	-1.51445e-07	0.000911488	        0	        0
707	-1.51445e-07	0.00091154	        0	        0
708	-1.51445e-07	0.000911591	        0	        0
709	-1.51445e-07	0.000911641	        0	        0
710	-1.51445e-07	0.00091169	        0	        0
711	-1.51445e-07	0.000911737	        0	        0
712	-1.51445e-07	0.000911783	        0	        0
713	-1.51445e-07	0.000911828	        0	        0
714	-1.51445e-07	0.000911872	        0	        0
715	-1.51445e-07	0.000911915	        0	        0
716	-1.51445e-07	0.000911957	        0	        0
717	-1.51445e-07	0.000911998	        0	        0
718	-1.51445e-07	0.000912038	        0	        0
719	-1.51445e-07	0.000912077	        0	        0
720	-1.51445e-07	0.000912115	        0	        0
721	-1.51445e-07	0.000912152	        0	        0
722	-1.51445e-07	0.000912188	        0	        0
723	-1.51445e-07	0.000912223	        0	        0
724	-1.51445e-07	0.000912257	        0	        0
725	-1.51445e-07	0.000912291	        0	        0
726	-1.51445e-07	0.000912323	        0	        0
727	-1.51445e-07	0.000912355	        0	        0
728	-1.51445e-07	0.000912386	        0	        0
729	-1.51445e-07	0.000912417	        0	        0
730	-1.51445e-07	0.000912446	        0	        0
731	-1.51445e-07	0.000912475	        0	        0
732	-1.51445e-07	0.000912503	        0	        0
733	-1.51445e-07	0.00091253	        0	        0
734	-1.51445e-07	0.000912557	        0	        0
735	-1.51445e-07	0.000912583	        0	        0
736	-1.51445e-07	0.000912608	        0	        0
737	-1.51445e-07	0.000912633	        0	        0
738	-1.51445e-07	0.000912657	        0	        0
739	-1.51445e-07	0.00091268	        0	        0
740	-1.51445e-07	0.000912703	        0	        0
741	-1.51445e-07	0.000912725	        0	        0
742	-1.51445e-07	0.000912747	        0	        0
743	-1.51445e-07	0.000912768	        0	        0
744	-1.51445e-07	0.000912789	        0	        0
745	-1.51445e-07	0.000912809	        0	        0
746	-1.51445e-07	0.000912829	        0	        0
747	-1.51445e-07	0.000912848	        0	        0
748	-1.51445e-07	0.000912866	        0	        0
749	-1.51445e-07	0.000912884	        0	        0
750	-1.51445e-07	0.000912902	        0	        0
751	-1.51445e-07	0.000912919	        0	        0
752	-1.51445e-07	0.000912936	        0	        0
753	-1.51445e-07	0.000912952	        0	        0
754	-1.51445e-07	0.000912968	        0	        0
755	-1.51445e-07	0.000912983	        0	        0
756	-1.51445e-07	0.000912999	        0	        0
757	-1.51445e-07	0.000913013	        0	        0
758	-1.51445e-07	0.000913027	        0	        0
759	-1.51445e-07	0.000913041	        0	        0
760	-1.51445e-07	0.000913055	        0	        0
761	-1.51445e-07	0.000913068	        0	        0
762	-1.51445e-07	0.000913081	        0	        0
763	-1.51445e-07	0.000913094	        0	        0
764	-1.51445e-07	0.000913106	        0	        0
765	-1.51445e-07	0.000913118	        0	        0
766	-1.51445e-07	0.000913129	        0	        0
767	-1.51445e-07	0.00091314	        0	        0
768	-1.51445e-07	0.000913151	        0	        0
769	-1.51445e-07	0.000913162	        0	        0
770	-1.51445e-07	0.000913172	        0	        0
771	-1.51445e-07	0.000913183	        0	        0
772	-1.51445e-07	0.000913192	        0	        0
773	-1.51445e-07	0.000913202	        0	        0
774	-1.51445e-07	0.000913211	        0	        0
775	-1.51445e-07	0.00091322	        0	        0
776	-1.51445e-07	0.000913229	        0	        0
777	-1.51445e-07	0.000913238	        0	        0
778	-1.51445e-07	0.000913246	        0	        0
779	-1.51445e-07	0.000913254	        0	        0
780	-1.51445e-07	0.000913262	        0	        0
781	-1.51445e-07	0.00091327	        0	        0
782	-1.51445e-07	0.000913278	        0	        0
783	-1.51445e-07	0.000913285	        0	        0
784	-1.51445e-07	0.000913292	        0	        0
785	-1.51445e-07	0.000913299	        0	        0
786	-1.51445e-07	0.000913306	        0	        0
787	-1.51445e-07	0.000913312	        0	        0
788	-1.51445e-07	0.000913319	        0	        0
789	-1.51445e-07	0.000913325	        0	        0
790	-1.51445e-07	0.000913331	        0	        0
791	-1.51445e-07	0.000913337	        0	        0
792	-1.51445e-07	0.000913342	        0	        0
793	-1.51445e-07	0.000913348	        0	        0
794	-1.51445e-07	0.000913353	        0	        0
795	-1.51445e-07	0.000913359	        0	        0
796	-1.51445e-07	0.000913364	        0	        0
797	-1.51445e-07	0.000913369	        0	        0
798	-1.51445e-07	0.000913374	        0	        0
799	-1.51445e-07	0.000913378	        0	        0
800	-1.51445e-07	0.000913383	        0	        0
801	-1.51445e-07	0.000913387	        0	        0
802	-1.51445e-07	0.000913392	        0	        0
803	-1.51445e-07	0.000913396	        0	        0
804	-1.51445e-07	0.0009134	        0	        0
805	-1.51445e-07	0.000913404	        0	        0
806	-1.51445e-07	0.000913408	        0	        0
807	-1.51445e-07	0.000913412	        0	        0
808	-1.51445e-07	0.000913415	        0	        0
809	-1.51445e-07	0.000913419	        0	        0
810	-1.51445e-07	0.000913422	        0	        0
811	-1.51445e-07	0.000913426	        0	        0
812	-1.51445e-07	0.000913429	        0	        0
813	-1.51445e-07	0.000913432	        0	        0
814	-1.51445e-07	0.000913435	        0	        0
815	-1.51445e-07	0.000913438	        0	        0
816	-1.51445e-07	0.000913441	        0	        0
817	-1.51445e-07	0.000913444	        0	        0
818	-1.51445e-07	0.000913447	        0	        0
819	-1.51445e-07	0.00091345	        0	        0
820	-1.51445e-07	0.000913452	        0	        0
821	-1.51445e-07	0.000913455	        0	        0
822	-1.51445e-07	0.000913457	        0	        0
823	-1.51445e-07	0.00091346	        0	        0
824	-1.51445e-07	0.000913462	        0	        0
825	-1.51445e-07	0.000913464	        0	        0
826	-1.51445e-07	0.000913466	        0	        0
827	-1.51445e-07	0.000913469	        0	        0
828	-1.51445e-07	0.000913471	        0	        0
829	-1.51445e-07	0.000913473	        0	        0
830	-1.51445e-07	0.000913475	        0	        0
831	-1.51445e-07	0.000913477	        0	        0
832	-1.51445e-07	0.000913478	        0	        0
833	-1.51445e-07	0.00091348	        0	        0
834	-1.51445e-07	0.000913482	        0	        0
835	-1.51445e-07	0.000913484	        0	        0
836	-1.51445e-07	0.000913485	        0	        0
837	-1.51445e-07	0.000913487	        0	        0
838	-1.51445e-07	0.000913489	        0	        0
839	-1.51445e-07	0.00091349	        0	        0
840	-1.51445e-07	0.000913492	        0	        0
841	-1.51445e-07	0.000913493	        0	        0
842	-1.51445e-07	0.000913494	        0	        0
843	-1.51445e-07	0.000913496	        0	        0
844	-1.51445e-07	0.000913497	        0	        0
845	-1.51445e-07	0.000913498	        0	        0
846	-1.51445e-07	0.0009135	        0	        0
847	-1.51445e-07	0.000913501	        0	        0
848	-1.51445e-07	0.000913502	        0	        0
849	-1.51445e-07	0.000913503	        0	        0
850	-1.51445e-07	0.000913504	        0	        0
851	-1.51445e-07	0.000913505	        0	        0
852	-1.51445e-07	0.000913506	        0	        0
853	-1.51445e-07	0.000913507	        0	        0
854	-1.51445e-07	0.000913508	        0	        0
855	-1.51445e-07	0.000913509	        0	        0
856	-1.51445e-07	0.00091351	        0	        0
857	-1.51445e-07	0.000913511	        0	        0
858	-1.51445e-07	0.000913512	        0	        0
859	-1.51445e-07	0.000913513	        0	        0
860	-1.51445e-07	0.000913514	        0	        0
861	-1.51445e-07	0.000913515	        0	        0
862	-1.51445e-07	0.000913515	        0	        0
863	-1.51445e-07	0.000913516	        0	        0
864	-1.51445e-07	0.000913517	        0	        0
865	-1.51445e-07	0.000913518	        0	        0
866	-1.51445e-07	0.000913518	        0	        0
867	-1.51445e-07	0.000913519	        0	        0
868	-1.51445e-07	0.00091352	        0	        0
869	-1.51445e-07	0.00091352	        0	        0
870	-1.51445e-07	0.000913521	        0	        0
871	-1.51445e-07	0.000913521	        0	        0
872	-1.51445e-07	0.000913522	        0	        0
873	-1.51445e-07	0.000913523	        0	        0
874	-1.51445e-07	0.000913523	        0	        0
875	-1.51445e-07	0.000913524	        0	        0
876	-1.51445e-07	0.000913524	        0	        0
877	-1.51445e-07	0.000913525	        0	        0
878	-1.51445e-07	0.000913525	        0	        0
879	-1.51445e-07	0.000913526	        0	        0
880	-1.51445e-07	0.000913526	        0	        0
881	-1.51445e-07	0.000913527	        0	        0
882	-1.51445e-07	0.000913527	        0	        0
883	-1.51445e-07	0.000913527	        0	        0
884	-1.51445e-07	0.000913528	        0	        0
885	-1.51445e-07	0.000913528	        0	        0
886	-1.51445e-07	0.000913529	        0	        0
887	-1.51445e-07	0.000913529	        0	        0
888	-1.51445e-07	0.000913529	        0	        0
889	-1.51445e-07	0.00091353	        0	        0
890	-1.51445e-07	0.00091353	        0	        0
891	-1.51445e-07	0.00091353	        0	        0
892	-1.51445e-07	0.000913531	        0	        0
893	-1.51445e-07	0.000913531	        0	        0
894	-1.51445e-07	0.000913531	        0	        0
895	-1.51445e-07	0.000913532	        0	        0
896	-1.51445e-07	0.000913532	        0	        0
897	-1.51445e-07	0.000913532	        0	        0
898	-1.51445e-07	0.000913532	        0	        0
899	-1.51445e-07	0.000913533	        0	        0
900	-1.51445e-07	0.000913533	        0	        0
901	-1.51445e-07	0.000913533	        0	        0
902	-1.51445e-07	0.000913533	        0	        0
903	-1.51445e-07	0.000913534	        0	        0
904	-1.51445e-07	0.000913534	        0	        0
905	-1.51445e-07	0.000913534	        0	        0
906	-1.51445e-07	0.000913534	        0	        0
907	-1.51445e-07	0.000913535	        0	        0
908	-1.51445e-07	0.000913535	        0	        0
909	-1.51445e-07	0.000913535	        0	        0
910	-1.51445e-07	0.000913535	        0	        0
911	-1.51445e-07	0.000913535	        0	        0
912	-1.51445e-07	0.000913535	        0	        0
913	-1.51445e-07	0.000913536	        0	        0
914	-1.51445e-07	0.000913536	        0	        0
915	-1.51445e-07	0.000913536	        0	        0
916	-1.51445e-07	0.000913536	        0	        0
917	-1.51445e-07	0.000913536	        0	        0
918	-1.51445e-07	0.000913536	        0	        0
919	-1.51445e-07	0.000913537	        0	        0
920	-1.51445e-07	0.000913537	        0	        0
921	-1.51445e-07	0.000913537	        0	        0
922	-1.51445e-07	0.000913537	        0	        0
923	-1.51445e-07	0.000913537	        0	        0
924	-1.51445e-07	0.000913537	        0	        0
925	-1.51445e-07	0.000913537	        0	        0
926	-1.51445e-07	0.000913537	        0	        0
927	-1.51445e-07	0.000913538	        0	        0
928	-1.51445e-07	0.000913538	        0	        0
929	-1.51445e-07	0.000913538	        0	        0
930	-1.51445e-07	0.000913538	        0	        0
931	-1.51445e-07	0.000913538	        0	        0
932	-1.51445e-07	0.000913538	        0	        0
933	-1.51445e-07	0.000913538	        0	        0
934	-1.51445e-07	0.000913538	        0	        0
935	-1.51445e-07	0.000913538	        0	        0
936	-1.51445e-07	0.000913538	        0	        0
937	-1.51445e-07	0.000913538	        0	        0
938	-1.51445e-07	0.000913539	        0	        0
939	-1.51445e-07	0.000913539	        0	        0
940	-1.51445e-07	0.000913539	        0	        0
941	-1.51445e-07	0.000913539	        0	        0
942	-1.51445e-07	0.000913539	        0	        0
943	-1.51445e-07	0.000913539	        0	        0
944	-1.51445e-07	0.000913539	        0	        0
945	-1.51445e-07	0.000913539	        0	        0
946	-1.51445e-07	0.000913539	        0	        0
947	-1.51445e-07	0.000913539	        0	        0
948	-1.51445e-07	0.000913539	        0	        0
949	-1.51445e-07	0.000913539	        0	        0
950	-1.51445e-07	0.000913539	        0	        0
951	-1.51445e-07	0.000913539	        0	        0
952	-1.51445e-07	0.000913539	        0	        0
953	-1.51445e-07	0.00091354	        0	        0
954	-1.51445e-07	0.00091354	        0	        0
955	-1.51445e-07	0.00091354	        0	        0
956	-1.51445e-07	0.00091354	        0	        0
957	-1.51445e-07	0.00091354	        0	        0
958	-1.51445e-07	0.00091354	        0	        0
959	-1.51445e-07	0.00091354	        0	        0
960	-1.51445e-07	0.00091354	        0	        0
961	-1.51445e-07	0.00091354	        0	        0
962	-1.51445e-07	0.00091354	        0	        0
963	-1.51445e-07	0.00091354	        0	        0
964	-1.51445e-07	0.00091354	        0	        0
965	-1.51445e-07	0.00091354	        0	        0
966	-1.51445e-07	0.00091354	        0	        0
967	-1.51445e-07	0.00091354	        0	        0
968	-1.51445e-07	0.00091354	        0	        0
969	-1.51445e-07	0.00091354	        0	        0
970	-1.51445e-07	0.00091354	        0	        0
971	-1.51445e-07	0.00091354	        0	        0
972	-1.51445e-07	0.00091354	        0	        0
973	-1.51445e-07	0.00091354	        0	        0
974	-1.51445e-07	0.00091354	        0	        0
975	-1.51445e-07	0.00091354	        0	        0
976	-1.51445e-07	0.00091354	        0	        0
977	-1.51445e-07	0.00091354	        0	        0
978	-1.51445e-07	0.00091354	        0	        0
979	-1.51445e-07	0.00091354	        0	        0
980	-1.51445e-07	0.00091354	        0	        0
981	-1.51445e-07	0.00091354	        0	        0
982	-1.51445e-07	0.00091354	        0	        0
983	-1.51445e-07	0.00091354	        0	        0
984	-1.51445e-07	0.00091354	        0	        0
985	-1.51445e-07	0.00091354	        0	        0
986	-1.51445e-07	0.000913541	        0	        0
987	-1.51445e-07	0.000913541	        0	        0
988	-1.51445e-07	0.000913541	        0	        0
989	-1.51445e-07	0.000913541	        0	        0
990	-1.51445e-07	0.000913541	        0	        0
991	-1.51445e-07	0.000913541	        0	        0
992	-1.51445e-07	0.000913541	        0	        0
993	-1.51445e-07	0.000913541	        0	        0
994	-1.51445e-07	0.000913541	        0	        0
995	-1.51445e-07	0.000913541	        0	        0
996	-1.51445e-07	0.000913541	        0	        0
997	-1.51445e-07	0.000913541	        0	        0
998	-1.51445e-07	0.000913541	        0	        0
999	-1.51445e-07	0.000913541	        0	        0
1000	-1.51445e-07	0.000913541	        0	        0
1001	-1.51445e-07	0.000913541	        0	        0
1002	-1.51445e-07	0.000913541	        0	        0
1003	-1.51445e-07	0.000913541	        0	        0
1004	-1.51445e-07	0.000913541	        0	        0
1005	-1.51445e-07	0.000913541	        0	        0
1006	-1.51445e-07	0.000913541	        0	        0
1007	-1.51445e-07	0.000913541	        0	        0
1008	-1.51445e-07	0.000913541	        0	        0
1009	-1.51445e-07	0.000913541	        0	        0
1010	-1.51445e-07	0.000913541	        0	        0
1011	-1.51445e-07	0.000913541	        0	        0
1012	-1.51445e-07	0.000913541	        0	        0
1013	-1.51445e-07	0.000913541	        0	        0
1014	-1.51445e-07	0.000913541	        0	        0
1015	-1.51445e-07	0.000913541	        0	        0
1016	-1.51445e-07	0.000913541	        0	        0
1017	-1.51445e-07	0.000913541	        0	        0
1018	-1.51445e-07	0.000913541	        0	        0
1019	-1.51445e-07	0.000913541	        0	        0
1020	-1.51445e-07	0.000913541	        0	        0
1021	-1.51445e-07	0.000913541	        0	        0
1022	-1.51445e-07	0.000913541	        0	        0
1023	-1.51445e-07	0.000913541	        0	        0
1024	-1.51445e-07	0.000913541	        0	        0
1025	-1.51445e-07	0.000913541	        0	        0
1026	-1.51445e-07	0.000913541	        0	        0
1027	-1.51445e-07	0.000913541	        0	        0
1028	-1.51445e-07	0.000913541	        0	        0
1029	-1.51445e-07	0.000913541	        0	        0
1030	-1.51445e-07	0.000913541	        0	        0
1031	-1.51445e-07	0.000913541	        0	        0
1032	-1.51445e-07	0.000913541	        0	        0
1033	-1.51445e-07	0.000913541	        0	        0
1034	-1.51445e-07	0.000913541	        0	        0
1035	-1.51445e-07	0.000913541	        0	        0
1036	-1.51445e-07	0.000913541	        0	        0
1037	-1.51445e-07	0.000913541	        0	        0
1038	-1.51445e-07	0.000913541	        0	        0
1039	-1.51445e-07	0.000913541	        0	        0
1040	-1.51445e-07	0.000913541	        0	        0
1041	-1.51445e-07	0.000913541	        0	        0
1042	-1.51445e-07	0.000913541	        0	        0
1043	-1.51445e-07	0.000913541	        0	        0
1044	-1.51445e-07	0.000913541	        0	        0
1045	-1.51445e-07	0.000913541	        0	        0
1046	-1.51445e-07	0.000913541	        0	        0
1047	-1.51445e-07	0.000913541	        0	        0
1048	-1.51445e-07	0.000913541	        0	        0
1049	-1.51445e-07	0.000913541	        0	        0
1050	-1.51445e-07	0.000913541	        0	        0
1051	-1.51445e-07	0.000913541	        0	        0
1052	-1.51445e-07	0.000913541	        0	        0
1053	-1.51445e-07	0.000913541	        0	        0
1054	-1.51445e-07	0.000913541	        0	        0
1055	-1.51445e-07	0.000913541	        0	        0
1056	-1.51445e-07	0.000913541	        0	        0
1057	-1.51445e-07	0.000913541	        0	        0
1058	-1.51445e-07	0.000913541	        0	        0
1059	-1.51445e-07	0.000913541	        0	        0
1060	-1.51445e-07	0.000913541	        0	        0
1061	-1.51445e-07	0.000913541	        0	        0
1062	-1.51445e-07	0.000913541	        0	        0
1063	-1.51445e-07	0.000913541	        0	        0
1064	-1.51445e-07	0.000913541	        0	        0
1065	-1.51445e-07	0.000913541	        0	        0
1066	-1.51445e-07	0.000913541	        0	        0
1067	-1.51445e-07	0.000913541	        0	        0
1068	-1.51445e-07	0.000913541	        0	        0
1069	-1.51445e-07	0.000913541	        0	        0
1070	-1.51445e-07	0.000913541	        0	        0
1071	-1.51445e-07	0.000913541	        0	        0
1072	-1.51445e-07	0.000913541	        0	        0
1073	-1.51445e-07	0.000913541	        0	        0
1074	-1.51445e-07	0.000913541	        0	        0
1075	-1.51445e-07	0.000913541	        0	        0
1076	-1.51445e-07	0.000913541	        0	        0
1077	-1.51445e-07	0.000913541	        0	        0
1078	-1.51445e-07	0.000913541	        0	        0
1079	-1.51445e-07	0.000913541	        0	        0
1080	-1.51445e-07	0.000913541	        0	        0
1081	-1.51445e-07	0.000913541	        0	        0
1082	-1.51445e-07	0.000913541	        0	        0
1083	-1.51445e-07	0.000913541	        0	        0
1084	-1.51445e-07	0.000913541	        0	        0
1085	-1.51445e-07	0.000913541	        0	        0
1086	-1.51445e-07	0.000913541	        0	        0
1087	-1.51445e-07	0.000913541	        0	        0
1088	-1.51445e-07	0.000913541	        0	        0
1089	-1.51445e-07	0.000913541	        0	        0
1090	-1.51445e-07	0.000913541	        0	        0
1091	-1.51445e-07	0.000913541	        0	        0
1092	-1.51445e-07	0.000913541	        0	        0
1093	-1.51445e-07	0.000913541	        0	        0
1094	-1.51445e-07	0.000913541	        0	        0
1095	-1.51445e-07	0.000913541	        0	        0
1096	-1.51445e-07	0.000913541	        0	        0
1097	-1.51445e-07	0.000913541	        0	        0
1098	-1.51445e-07	0.000913541	        0	        0
1099	-1.51445e-07	0.000913541	        0	        0
1100	-1.51445e-07	0.000913541	        0	        0
1101	-1.51445e-07	0.000913541	        0	        0
1102	-1.51445e-07	0.000913541	        0	        0
1103	-1.51445e-07	0.000913541	        0	        0
1104	-1.51445e-07	0.000913541	        0	        0
1105	-1.51445e-07	0.000913541	        0	        0
1106	-1.51445e-07	0.000913541	        0	        0
1107	-1.51445e-07	0.000913541	        0	        0
1108	-1.51445e-07	0.000913541	        0	        0
1109	-1.51445e-07	0.000913541	        0	        0
1110	-1.51445e-07	0.000913541	        0	        0
1111	-1.51445e-07	0.000913541	        0	        0
1112	-1.51445e-07	0.000913541	        0	        0
1113	-1.51445e-07	0.000913541	        0	        0
1114	-1.51445e-07	0.000913541	        0	        0
1115	-1.51445e-07	0.000913541	        0	        0
1116	-1.51445e-07	0.000913541	        0	        0
1117	-1.51445e-07	0.000913541	        0	        0
1118	-1.51445e-07	0.000913541	        0	        0
1119	-1.51445e-07	0.000913541	        0	        0
1120	-1.51445e-07	0.000913541	        0	        0
1121	-1.51445e-07	0.000913541	        0	        0
1122	-1.51445e-07	0.000913541	        0	        0
1123	-1.51445e-07	0.000913541	        0	        0
1124	-1.51445e-07	0.000913541	        0	        0
1125	-1.51445e-07	0.000913541	        0	        0
1126	-1.51445e-07	0.000913541	        0	        0
1127	-1.51445e-07	0.000913541	        0	        0
1128	-1.51445e-07	0.000913541	        0	        0
1129	-1.51445e-07	0.000913541	        0	        0
1130	-1.51445e-07	0.000913541	        0	        0
1131	-1.51445e-07	0.000913541	        0	        0
1132	-1.51445e-07	0.000913541	        0	        0
1133	-1.51445e-07	0.000913541	        0	        0
1134	-1.51445e-07	0.000913541	        0	        0
1135	-1.51445e-07	0.000913541	        0	        0
1136	-1.51445e-07	0.000913541	        0	        0
1137	-1.51445e-07	0.000913541	        0	        0
1138	-1.51445e-07	0.000913541	        0	        0
1139	-1.51445e-07	0.000913541	        0	        0
1140	-1.51445e-07	0.000913541	        0	        0
1141	-1.51445e-07	0.000913541	        0	        0
1142	-1.51445e-07	0.000913541	        0	        0
1143	-1.51445e-07	0.000913541	        0	        0
1144	-1.51445e-07	0.000913541	        0	        0
1145	-1.51445e-07	0.000913541	        0	        0
1146	-1.51445e-07	0.000913541	        0	        0
1147	-1.51445e-07	0.000913541	        0	        0
1148	-1.51445e-07	0.000913541	        0	        0
1149	-1.51445e-07	0.000913541	        0	        0
1150	-1.51445e-07	0.000913541	        0	        0
1151	-1.51445e-07	0.000913541	        0	        0
1152	-1.51445e-07	0.000913541	        0	        0
1153	-1.51445e-07	0.000913541	        0	        0
1154	-1.51445e-07	0.000913541	        0	        0
1155	-1.51445e-07	0.000913541	        0	        0
1156	-1.51445e-07	0.000913541	        0	        0
1157	-1.51445e-07	0.000913541	        0	        0
1158	-1.51445e-07	0.000913541	        0	        0
1159	-1.51445e-07	0.000913541	        0	        0
1160	-1.51445e-07	0.000913541	        0	        0
1161	-1.51445e-07	0.000913541	        0	        0
1162	-1.51445e-07	0.000913541	        0	        0
1163	-1.51445e-07	0.000913541	        0	        0
1164	-1.51445e-07	0.000913541	        0	        0
1165	-1.51445e-07	0.000913541	        0	        0
1166	-1.51445e-07	0.000913541	        0	        0
1167	-1.51445e-07	0.000913541	        0	        0
1168	-1.51445e-07	0.000913541	        0	        0
1169	-1.51445e-07	0.000913541	        0	        0
1170	-1.51445e-07	0.000913541	        0	        0
1171	-1.51445e-07	0.000913541	        0	        0
1172	-1.51445e-07	0.000913541	        0	        0
1173	-1.51445e-07	0.000913541	        0	        0
1174	-1.51445e-07	0.000913541	        0	        0
1175	-1.51445e-07	0.000913541	        0	        0
1176	-1.51445e-07	0.000913541	        0	        0
1177	-1.51445e-07	0.000913541	        0	        0
1178	-1.51445e-07	0.000913541	        0	        0
1179	-1.51445e-07	0.000913541	        0	        0
